#ring
circle
50 250 0 40
circle
50 250 0 25

#handle
line
88 240 0 95 240 0
line
88 260 0 95 260 0
line
95 235 0 95 265 0
line
95 235 0 100 235 0
line
95 265 0 100 265 0
line
100 230 0 100 270 0
line
100 230 0 105 230 0
line
100 270 0 105 270 0

line
105 220 0 105 280 0
line
105 280 0 275 280 0
line
275 280 0 275 220 0
line
275 220 0 105 220 0

line
275 230 0 280 230 0
line
275 270 0 280 270 0
line
280 230 0 280 270 0
line
280 235 0 285 235 0
line
280 265 0 285 265 0
line
285 235 0 285 265 0
line
285 240 0 290 240 0
line
285 260 0 290 260 0

#blade
line
340 170 0 340 220 0
line
340 220 0 490 250 0
line
490 250 0 340 280 0
line
340 280 0 340 330 0
hermite
340 170 340 330 -200 40 200 40

display
